Building...
make: 'rspr' is up to date.
\n\n////////////////////////////////////////////////////////
trees2.txt
////////////////////////////////////////////////////////\n\n
T1: ((((1,2),(3,4)),((5,6),(7,8))),(((9,10),(11,12)),((13,14),(15,16))))
T2: (((7,8),((1,(2,(14,5))),(3,4))),(((11,(6,12)),10),((13,(15,16)),9)))

T1: ((((0,1),(2,3)),((4,5),(6,7))),(((8,9),(10,11)),((12,13),(14,15)))) 
T2: (((6,7),((0,(1,(13,4))),(2,3))),(((10,(5,11)),9),((12,(14,15)),8))) 
approx F1: (((0,1),(2,3)),(6,7)) 13 4 12 11 5 10 8 (14,15) 9 
approx F2: (((0,1),(2,3)),(6,7)) 13 4 12 11 5 10 8 (14,15) 9 
approx drSPR=9

C1_1: ((((0,1),(2,3)),((4,5),(6,7))),(((8,9),(10,11)),((12,13),(14,15)))) 
C1_2: (((6,7),((0,(1,(13,4))),(2,3))),(((10,(5,11)),9),((12,(14,15)),8))) 
cluster approx drSPR=9

3 4 
F1_1: ((((0,1),(2,3)),(6,7)),((9,(10,11)),(12,(14,15)))) 13 5 8 4 
F1_2: ((((0,1),(2,3)),(6,7)),((9,(10,11)),(12,(14,15)))) 13 5 8 4 
cluster exact drSPR=4

F1: ((((1,2),(3,4)),(7,8)),((10,(11,12)),(13,(15,16)))) 14 6 9 5 
F2: ((((1,2),(3,4)),(7,8)),((10,(11,12)),(13,(15,16)))) 14 6 9 5 
total exact drSPR=4
\n\n////////////////////////////////////////////////////////
trees3.txt
////////////////////////////////////////////////////////\n\n
T1: ((((1,2),(3,4)),((5,6),(7,8))),(((9,10),(11,12)),((13,14),(15,16))))
T2: ((((2,1),(((11,12),4),(8,(3,(6,5))))),7),((14,(10,9)),(13,(15,16))))

T1: ((((0,1),(2,3)),((4,5),(6,7))),(((8,9),(10,11)),((12,13),(14,15)))) 
T2: ((((1,0),(((10,11),3),(7,(2,(5,4))))),6),((13,(9,8)),(12,(14,15)))) 
approx F1: ((0,1),(14,15)) 13 (8,9) 12 7 6 3 (10,11) (4,5) 2 
approx F2: ((0,1),(14,15)) 13 (8,9) 12 7 (4,5) 6 3 (10,11) 2 
approx drSPR=9

C1_1: ((((0,1),(2,3)),((4,5),(6,7))),(((8,9),(10,11)),((12,13),(14,15)))) 
C1_2: ((((0,1),(((10,11),3),(7,(2,(4,5))))),6),((13,(8,9)),(12,(14,15)))) 
cluster approx drSPR=9

3 4 
F1_1: ((((0,1),(2,3)),6),((8,9),(12,(14,15)))) 13 (10,11) 7 (4,5) 
F1_2: ((((0,1),(2,3)),6),((8,9),(12,(14,15)))) 13 (10,11) 7 (4,5) 
cluster exact drSPR=4

F1: ((((1,2),(3,4)),7),((9,10),(13,(15,16)))) 14 (11,12) 8 (5,6) 
F2: ((((1,2),(3,4)),7),((9,10),(13,(15,16)))) 14 (11,12) 8 (5,6) 
total exact drSPR=4
\n\n////////////////////////////////////////////////////////
trees4.txt
////////////////////////////////////////////////////////\n\n
T1: ((((1,2),(3,4)),((5,6),(7,8))),(((9,10),(11,12)),((13,14),(15,16))))
T2: ((((7,8),((2,(11,1)),(3,4))),(6,5)),((12,(10,9)),((14,13),(15,16))))

T1: ((((0,1),(2,3)),((4,5),(6,7))),(((8,9),(10,11)),((12,13),(14,15)))) 
T2: ((((6,7),((1,(10,0)),(2,3))),(5,4)),((11,(9,8)),((13,12),(14,15)))) 
approx F1: ((8,9),((12,13),(14,15))) 10 0 11 (6,7) (1,(2,3)) (4,5) 
approx F2: ((8,9),((12,13),(14,15))) 10 0 11 (6,7) (1,(2,3)) (4,5) 
approx drSPR=6

C1_1: ((((0,1),(2,3)),((4,5),(6,7))),(((8,9),(10,11)),((12,13),(14,15)))) 
C1_2: ((((6,7),((1,(10,0)),(2,3))),(4,5)),((11,(8,9)),((12,13),(14,15)))) 
cluster approx drSPR=6

2 
F1_1: ((((0,1),(2,3)),(4,5)),(((8,9),11),((12,13),(14,15)))) 10 (6,7) 
F1_2: ((((0,1),(2,3)),(4,5)),(((8,9),11),((12,13),(14,15)))) 10 (6,7) 
cluster exact drSPR=2

F1: ((((1,2),(3,4)),(5,6)),(((9,10),12),((13,14),(15,16)))) 11 (7,8) 
F2: ((((1,2),(3,4)),(5,6)),(((9,10),12),((13,14),(15,16)))) 11 (7,8) 
total exact drSPR=2
\n\n////////////////////////////////////////////////////////
trees5.txt
////////////////////////////////////////////////////////\n\n
T1: (((((((1,2),(3,4)),((5,6),(7,8))),(((9,10),(11,12)),((13,14),(15,16)))),((17,18),19)),(((((21,22),(23,24)),((25,26),(27,28))),(((29,30),(31,32)),((33,34),(35,36)))),((37,38),39))),((((((41,42),(43,44)),((45,46),(47,48))),(((49,50),(51,52)),((53,54),(55,56)))),((57,58),59)),(((((61,62),(63,64)),((65,66),(67,68))),(((69,70),(71,72)),((73,74),(75,76)))),((77,78),79))))
T2: (((((((35,36),(34,33)),((32,31),(30,29))),(((21,22),(24,23)),((25,26),(28,27)))),((38,37),39)),((18,19),((((14,13),(15,16)),((11,12),(9,10))),(((7,8),(6,5)),((3,4),(1,2)))))),((((((72,71),(70,69)),((73,74),(76,75))),(((63,64),(61,62)),((67,68),(66,65)))),(79,(77,78))),(((58,57),59),((((17,(52,51)),(50,49)),((56,55),(54,53))),(((48,47),(45,46)),((44,43),(41,42)))))))

T1: (((((((0,1),(2,3)),((4,5),(6,7))),(((8,9),(10,11)),((12,13),(14,15)))),((16,17),18)),(((((19,20),(21,22)),((23,24),(25,26))),(((27,28),(29,30)),((31,32),(33,34)))),((35,36),37))),((((((38,39),(40,41)),((42,43),(44,45))),(((46,47),(48,49)),((50,51),(52,53)))),((54,55),56)),(((((57,58),(59,60)),((61,62),(63,64))),(((65,66),(67,68)),((69,70),(71,72)))),((73,74),75)))) 
T2: (((((((33,34),(32,31)),((30,29),(28,27))),(((19,20),(22,21)),((23,24),(26,25)))),((36,35),37)),((17,18),((((13,12),(14,15)),((10,11),(8,9))),(((6,7),(5,4)),((2,3),(0,1)))))),((((((68,67),(66,65)),((69,70),(72,71))),(((59,60),(57,58)),((63,64),(62,61)))),(75,(73,74))),(((55,54),56),((((16,(49,48)),(47,46)),((53,52),(51,50))),(((45,44),(42,43)),((41,40),(38,39))))))) 
approx F1: (((((((0,1),(2,3)),((4,5),(6,7))),(((8,9),(10,11)),((12,13),(14,15)))),(17,18)),(((((19,20),(21,22)),((23,24),(25,26))),(((27,28),(29,30)),((31,32),(33,34)))),((35,36),37))),((((((38,39),(40,41)),((42,43),(44,45))),((50,51),(52,53))),((54,55),56)),(((((57,58),(59,60)),((61,62),(63,64))),(((65,66),(67,68)),((69,70),(71,72)))),((73,74),75)))) (48,49) 16 (46,47) 
approx F2: (((((((0,1),(2,3)),((4,5),(6,7))),(((8,9),(10,11)),((12,13),(14,15)))),(17,18)),(((((19,20),(21,22)),((23,24),(25,26))),(((27,28),(29,30)),((31,32),(33,34)))),((35,36),37))),((((((38,39),(40,41)),((42,43),(44,45))),((50,51),(52,53))),((54,55),56)),(((((57,58),(59,60)),((61,62),(63,64))),(((65,66),(67,68)),((69,70),(71,72)))),((73,74),75)))) (48,49) 16 (46,47) 
approx drSPR=3

C1_1: (((((((0,1),(2,3)),((4,5),(6,7))),(((8,9),(10,11)),((12,13),(14,15)))),((16,17),18)),(((((19,20),(21,22)),((23,24),(25,26))),(((27,28),(29,30)),((31,32),(33,34)))),((35,36),37))),((((((38,39),(40,41)),((42,43),(44,45))),(((46,47),(48,49)),((50,51),(52,53)))),((54,55),56)),(((((57,58),(59,60)),((61,62),(63,64))),(((65,66),(67,68)),((69,70),(71,72)))),((73,74),75)))) 
C1_2: (((((((19,20),(21,22)),((23,24),(25,26))),(((27,28),(29,30)),((31,32),(33,34)))),((35,36),37)),((17,18),((((0,1),(2,3)),((4,5),(6,7))),(((8,9),(10,11)),((12,13),(14,15)))))),((((((57,58),(59,60)),((61,62),(63,64))),(((65,66),(67,68)),((69,70),(71,72)))),((73,74),75)),(((54,55),56),((((16,(48,49)),(46,47)),((50,51),(52,53))),(((38,39),(40,41)),((42,43),(44,45))))))) 
cluster approx drSPR=3

1 
F1_1: (((((((0,1),(2,3)),((4,5),(6,7))),(((8,9),(10,11)),((12,13),(14,15)))),(17,18)),(((((19,20),(21,22)),((23,24),(25,26))),(((27,28),(29,30)),((31,32),(33,34)))),((35,36),37))),((((((38,39),(40,41)),((42,43),(44,45))),(((46,47),(48,49)),((50,51),(52,53)))),((54,55),56)),(((((57,58),(59,60)),((61,62),(63,64))),(((65,66),(67,68)),((69,70),(71,72)))),((73,74),75)))) 16 
F1_2: (((((((0,1),(2,3)),((4,5),(6,7))),(((8,9),(10,11)),((12,13),(14,15)))),(17,18)),(((((19,20),(21,22)),((23,24),(25,26))),(((27,28),(29,30)),((31,32),(33,34)))),((35,36),37))),((((((38,39),(40,41)),((42,43),(44,45))),(((46,47),(48,49)),((50,51),(52,53)))),((54,55),56)),(((((57,58),(59,60)),((61,62),(63,64))),(((65,66),(67,68)),((69,70),(71,72)))),((73,74),75)))) 16 
cluster exact drSPR=1

F1: (((((((1,2),(3,4)),((5,6),(7,8))),(((9,10),(11,12)),((13,14),(15,16)))),(18,19)),(((((21,22),(23,24)),((25,26),(27,28))),(((29,30),(31,32)),((33,34),(35,36)))),((37,38),39))),((((((41,42),(43,44)),((45,46),(47,48))),(((49,50),(51,52)),((53,54),(55,56)))),((57,58),59)),(((((61,62),(63,64)),((65,66),(67,68))),(((69,70),(71,72)),((73,74),(75,76)))),((77,78),79)))) 17 
F2: (((((((1,2),(3,4)),((5,6),(7,8))),(((9,10),(11,12)),((13,14),(15,16)))),(18,19)),(((((21,22),(23,24)),((25,26),(27,28))),(((29,30),(31,32)),((33,34),(35,36)))),((37,38),39))),((((((41,42),(43,44)),((45,46),(47,48))),(((49,50),(51,52)),((53,54),(55,56)))),((57,58),59)),(((((61,62),(63,64)),((65,66),(67,68))),(((69,70),(71,72)),((73,74),(75,76)))),((77,78),79)))) 17 
total exact drSPR=1
\n\n////////////////////////////////////////////////////////
trees6.txt
////////////////////////////////////////////////////////\n\n
T1: ((((((1,2),(3,4)),((5,6),(7,8))),(((9,10),(11,12)),((13,14),(15,16)))),((17,18),19)),(((((21,22),(23,24)),((25,26),(27,28))),(((29,30),(31,32)),((33,34),(35,36)))),((37,38),39)))
T2: (((((25,26),(21,22)),((31,32),(29,30))),(39,((38,((24,23),9)),37))),(((12,10),(((18,17),19),((15,16),(13,14)))),(((7,8),(5,6)),(28,(((34,33),((27,36),(35,11))),((4,3),(2,1)))))))

T1: ((((((0,1),(2,3)),((4,5),(6,7))),(((8,9),(10,11)),((12,13),(14,15)))),((16,17),18)),(((((19,20),(21,22)),((23,24),(25,26))),(((27,28),(29,30)),((31,32),(33,34)))),((35,36),37))) 
T2: (((((23,24),(19,20)),((29,30),(27,28))),(37,((36,((22,21),8)),35))),(((11,9),(((17,16),18),((14,15),(12,13)))),(((6,7),(4,5)),(26,(((32,31),((25,34),(33,10))),((3,2),(1,0))))))) 
approx F1: (((27,28),(29,30)),37) 36 35 34 25 33 (19,20) (23,24) 8 (21,22) 10 (31,32) 11 ((0,1),(2,3)) 26 ((4,5),(6,7)) ((12,13),(14,15)) ((16,17),18) 9 
approx F2: (((27,28),(29,30)),37) 36 8 35 34 25 33 (19,20) (23,24) (21,22) 10 (31,32) 11 ((0,1),(2,3)) 26 ((4,5),(6,7)) ((12,13),(14,15)) ((16,17),18) 9 
approx drSPR=18

C1_1: ((((((0,1),(2,3)),((4,5),(6,7))),(((8,9),(10,11)),((12,13),(14,15)))),((16,17),18)),(((((19,20),(21,22)),((23,24),(25,26))),(((27,28),(29,30)),((31,32),(33,34)))),((35,36),37))) 
C1_2: (((((23,24),(19,20)),((27,28),(29,30))),(37,((36,((21,22),8)),35))),(((11,9),(((16,17),18),((12,13),(14,15)))),(((4,5),(6,7)),(26,(((31,32),((25,34),(33,10))),((0,1),(2,3))))))) 
cluster approx drSPR=18

6 7 
F1_1: (((((0,1),(2,3)),((4,5),(6,7))),((9,11),((12,13),(14,15)))),((((19,20),(23,24)),((27,28),(29,30))),((35,36),37))) 25 10 8 (21,22) ((31,32),(33,34)) 26 ((16,17),18) 
F1_2: (((((0,1),(2,3)),((4,5),(6,7))),((9,11),((12,13),(14,15)))),((((19,20),(23,24)),((27,28),(29,30))),((35,36),37))) 8 25 10 (21,22) ((31,32),(33,34)) 26 ((16,17),18) 
cluster exact drSPR=7

F1: (((((1,2),(3,4)),((5,6),(7,8))),((10,12),((13,14),(15,16)))),((((21,22),(25,26)),((29,30),(31,32))),((37,38),39))) 27 11 9 (23,24) ((33,34),(35,36)) 28 ((17,18),19) 
F2: (((((1,2),(3,4)),((5,6),(7,8))),((10,12),((13,14),(15,16)))),((((21,22),(25,26)),((29,30),(31,32))),((37,38),39))) 9 27 11 (23,24) ((33,34),(35,36)) 28 ((17,18),19) 
total exact drSPR=7
\n\n////////////////////////////////////////////////////////
trees_100_9.txt
////////////////////////////////////////////////////////\n\n
T1: (((((1,(((2,(3,((4,5),(6,(7,8))))),9),((10,11),((12,13),14)))),(((15,16),((17,18),19)),20)),((21,(((22,23),(24,25)),(26,((27,28),29)))),((30,31),(32,((33,(34,(35,36))),(37,38)))))),(39,40)),((41,42),(((43,44),(45,(46,(47,48)))),(((49,50),(((51,(52,53)),(((54,55),56),((57,(58,59)),60))),((61,62),63))),((((((64,65),(66,67)),(((68,69),70),71)),(72,(73,(74,75)))),76),(((77,78),79),(80,(((81,82),((83,((84,85),(86,(87,((88,89),90))))),(((91,92),(93,(94,95))),(96,97)))),(98,(99,100))))))))))
T2: (((((1,((2,9),((10,11),((12,(13,75)),14)))),20),(((21,(((22,23),(24,25)),(26,((27,28),29)))),39),(((30,(41,(33,(34,(35,36))))),31),(32,(37,38))))),40),(42,(((49,50),(((51,(52,53)),(((54,55),56),(((57,(58,59)),60),92))),((61,62),63))),((((((64,65),(66,67)),(((68,69),70),71)),(72,(73,((15,(16,74)),((17,18),19))))),76),(((77,(78,(3,((4,5),(6,(7,8)))))),79),(80,(((81,82),((83,((84,85),(86,(87,(((88,((43,44),(45,(46,(47,48))))),89),90))))),((91,(93,(94,95))),(96,97)))),(98,(99,100)))))))))

T1: (((((0,(((1,(2,((3,4),(5,(6,7))))),8),((9,10),((11,12),13)))),(((14,15),((16,17),18)),19)),((20,(((21,22),(23,24)),(25,((26,27),28)))),((29,30),(31,((32,(33,(34,35))),(36,37)))))),(38,39)),((40,41),(((42,43),(44,(45,(46,47)))),(((48,49),(((50,(51,52)),(((53,54),55),((56,(57,58)),59))),((60,61),62))),((((((63,64),(65,66)),(((67,68),69),70)),(71,(72,(73,74)))),75),(((76,77),78),(79,(((80,81),((82,((83,84),(85,(86,((87,88),89))))),(((90,91),(92,(93,94))),(95,96)))),(97,(98,99)))))))))) 
T2: (((((0,((1,8),((9,10),((11,(12,74)),13)))),19),(((20,(((21,22),(23,24)),(25,((26,27),28)))),38),(((29,(40,(32,(33,(34,35))))),30),(31,(36,37))))),39),(41,(((48,49),(((50,(51,52)),(((53,54),55),(((56,(57,58)),59),91))),((60,61),62))),((((((63,64),(65,66)),(((67,68),69),70)),(71,(72,((14,(15,73)),((16,17),18))))),75),(((76,(77,(2,((3,4),(5,(6,7)))))),78),(79,(((80,81),((82,((83,84),(85,(86,(((87,((42,43),(44,(45,(46,47))))),88),89))))),((90,(92,(93,94))),(95,96)))),(97,(98,99))))))))) 
approx F1: ((((0,((1,8),((9,10),((11,12),13)))),19),((29,30),(31,(36,37)))),(((48,49),(((50,(51,52)),(((53,54),55),((56,(57,58)),59))),((60,61),62))),(((((63,64),(65,66)),(((67,68),69),70)),75),(78,(79,(((80,81),((82,((83,84),(85,(86,89)))),(95,96))),(97,(98,99)))))))) 90 (92,(93,94)) 91 87 ((42,43),(44,(45,(46,47)))) 88 77 (2,((3,4),(5,(6,7)))) 76 73 15 74 40 (32,(33,(34,35))) 41 38 (20,(((21,22),(23,24)),(25,((26,27),28)))) 39 72 (14,((16,17),18)) 71 
approx F2: ((((0,((1,8),((9,10),((11,12),13)))),19),((29,30),(31,(36,37)))),(((48,49),(((50,(51,52)),(((53,54),55),((56,(57,58)),59))),((60,61),62))),(((((63,64),(65,66)),(((67,68),69),70)),75),(78,(79,(((80,81),((82,((83,84),(85,(86,89)))),(95,96))),(97,(98,99)))))))) 90 (92,(93,94)) 91 87 ((42,43),(44,(45,(46,47)))) 88 77 (2,((3,4),(5,(6,7)))) 76 73 15 74 40 (32,(33,(34,35))) 41 38 (20,(((21,22),(23,24)),(25,((26,27),28)))) 39 72 (14,((16,17),18)) 71 
approx drSPR=21

C1_1: (((((0,(((1,(2,((3,4),(5,(6,7))))),8),((9,10),((11,12),13)))),(((14,15),((16,17),18)),19)),((20,(((21,22),(23,24)),(25,((26,27),28)))),((29,30),(31,((32,(33,(34,35))),(36,37)))))),(38,39)),((40,41),(((42,43),(44,(45,(46,47)))),(((48,49),(((50,(51,52)),(((53,54),55),((56,(57,58)),59))),((60,61),62))),((((((63,64),(65,66)),(((67,68),69),70)),(71,(72,(73,74)))),75),(((76,77),78),(79,(((80,81),((82,((83,84),(85,(86,((87,88),89))))),(((90,91),(92,(93,94))),(95,96)))),(97,(98,99)))))))))) 
C1_2: (((((0,((1,8),((9,10),((11,(12,74)),13)))),19),(((20,(((21,22),(23,24)),(25,((26,27),28)))),38),(((29,(40,(32,(33,(34,35))))),30),(31,(36,37))))),39),(41,(((48,49),(((50,(51,52)),(((53,54),55),(((56,(57,58)),59),91))),((60,61),62))),((((((63,64),(65,66)),(((67,68),69),70)),(71,(72,((14,(15,73)),((16,17),18))))),75),(((76,(77,(2,((3,4),(5,(6,7)))))),78),(79,(((80,81),((82,((83,84),(85,(86,(((87,((42,43),(44,(45,(46,47))))),88),89))))),((90,(92,(93,94))),(95,96)))),(97,(98,99))))))))) 
cluster approx drSPR=21

7 8 9 
F1_1: (((((0,((1,8),((9,10),((11,12),13)))),19),((20,(((21,22),(23,24)),(25,((26,27),28)))),((29,30),(31,(36,37))))),39),(41,(((48,49),(((50,(51,52)),(((53,54),55),((56,(57,58)),59))),((60,61),62))),((((((63,64),(65,66)),(((67,68),69),70)),(71,72)),75),(((76,77),78),(79,(((80,81),((82,((83,84),(85,(86,((87,88),89))))),((90,(92,(93,94))),(95,96)))),(97,(98,99))))))))) 91 ((42,43),(44,(45,(46,47)))) (2,((3,4),(5,(6,7)))) 73 40 38 (32,(33,(34,35))) 74 ((14,15),((16,17),18)) 
F1_2: (((((0,((1,8),((9,10),((11,12),13)))),19),((20,(((21,22),(23,24)),(25,((26,27),28)))),((29,30),(31,(36,37))))),39),(41,(((48,49),(((50,(51,52)),(((53,54),55),((56,(57,58)),59))),((60,61),62))),((((((63,64),(65,66)),(((67,68),69),70)),(71,72)),75),(((76,77),78),(79,(((80,81),((82,((83,84),(85,(86,((87,88),89))))),((90,(92,(93,94))),(95,96)))),(97,(98,99))))))))) 91 ((42,43),(44,(45,(46,47)))) (2,((3,4),(5,(6,7)))) 73 40 38 (32,(33,(34,35))) 74 ((14,15),((16,17),18)) 
cluster exact drSPR=9

F1: (((((1,((2,9),((10,11),((12,13),14)))),20),((21,(((22,23),(24,25)),(26,((27,28),29)))),((30,31),(32,(37,38))))),40),(42,(((49,50),(((51,(52,53)),(((54,55),56),((57,(58,59)),60))),((61,62),63))),((((((64,65),(66,67)),(((68,69),70),71)),(72,73)),76),(((77,78),79),(80,(((81,82),((83,((84,85),(86,(87,((88,89),90))))),((91,(93,(94,95))),(96,97)))),(98,(99,100))))))))) 92 ((43,44),(45,(46,(47,48)))) (3,((4,5),(6,(7,8)))) 74 41 39 (33,(34,(35,36))) 75 ((15,16),((17,18),19)) 
F2: (((((1,((2,9),((10,11),((12,13),14)))),20),((21,(((22,23),(24,25)),(26,((27,28),29)))),((30,31),(32,(37,38))))),40),(42,(((49,50),(((51,(52,53)),(((54,55),56),((57,(58,59)),60))),((61,62),63))),((((((64,65),(66,67)),(((68,69),70),71)),(72,73)),76),(((77,78),79),(80,(((81,82),((83,((84,85),(86,(87,((88,89),90))))),((91,(93,(94,95))),(96,97)))),(98,(99,100))))))))) 92 ((43,44),(45,(46,(47,48)))) (3,((4,5),(6,(7,8)))) 74 41 39 (33,(34,(35,36))) 75 ((15,16),((17,18),19)) 
total exact drSPR=9
\n\n////////////////////////////////////////////////////////
trees_100_17.txt
////////////////////////////////////////////////////////\n\n
T1: (((((1,2),3),((4,(5,(6,(7,8)))),(9,10))),((11,12),(((13,14),(15,16)),17))),((((18,19),20),(((((21,(((22,23),24),(25,26))),((27,((28,29),30)),(31,(((32,33),(34,35)),36)))),((37,((38,39),40)),(41,(42,((43,44),45))))),(46,47)),((48,((49,50),(((51,(52,(53,(54,55)))),(56,(57,58))),59))),((60,61),(62,63))))),(((((64,(65,(66,(67,((68,69),(70,71)))))),72),(73,((74,75),(((76,77),(78,(79,(80,81)))),(((82,83),(84,85)),(86,(87,88))))))),((89,(90,91)),(92,((93,(94,95)),((96,97),98))))),(99,100))))
T2: (((((1,2),3),76),((11,12),(((13,14),(15,16)),17))),((((18,19),20),((((21,(((22,23),24),((25,((4,(5,(6,(7,(8,(((38,37),39),40)))))),(9,10))),26))),(27,((31,((((32,33),47),(34,35)),36)),83))),46),((48,((49,50),((51,(52,(53,((54,55),96)))),59))),((60,61),(62,63))))),(((((((64,(((77,(79,((80,78),81))),((82,(84,85)),((86,(87,88)),73))),(((28,29),30),(56,(57,58))))),(66,(67,((68,69),((70,71),42))))),72),((74,75),100)),((89,(90,91)),(92,(((93,45),(94,95)),(97,98))))),99),(41,(65,(43,44))))))

T1: (((((0,1),2),((3,(4,(5,(6,7)))),(8,9))),((10,11),(((12,13),(14,15)),16))),((((17,18),19),(((((20,(((21,22),23),(24,25))),((26,((27,28),29)),(30,(((31,32),(33,34)),35)))),((36,((37,38),39)),(40,(41,((42,43),44))))),(45,46)),((47,((48,49),(((50,(51,(52,(53,54)))),(55,(56,57))),58))),((59,60),(61,62))))),(((((63,(64,(65,(66,((67,68),(69,70)))))),71),(72,((73,74),(((75,76),(77,(78,(79,80)))),(((81,82),(83,84)),(85,(86,87))))))),((88,(89,90)),(91,((92,(93,94)),((95,96),97))))),(98,99)))) 
T2: (((((0,1),2),75),((10,11),(((12,13),(14,15)),16))),((((17,18),19),((((20,(((21,22),23),((24,((3,(4,(5,(6,(7,(((37,36),38),39)))))),(8,9))),25))),(26,((30,((((31,32),46),(33,34)),35)),82))),45),((47,((48,49),((50,(51,(52,((53,54),95)))),58))),((59,60),(61,62))))),(((((((63,(((76,(78,((79,77),80))),((81,(83,84)),((85,(86,87)),72))),(((27,28),29),(55,(56,57))))),(65,(66,((67,68),((69,70),41))))),71),((73,74),99)),((88,(89,90)),(91,(((92,44),(93,94)),(96,97))))),98),(40,(64,(42,43)))))) 
approx F1: ((((0,1),2),((10,11),(((12,13),(14,15)),16))),((((17,18),19),(((20,((21,22),23)),(30,((33,34),35))),((47,((48,49),((50,(51,52)),58))),((59,60),(61,62))))),(71,((88,(89,90)),(91,97))))) 99 (73,74) 98 95 (53,54) 96 92 44 (93,94) 81 (83,84) 82 79 77 80 76 78 75 (69,70) 41 (67,68) 46 (31,32) 45 37 36 38 ((27,28),29) (55,(56,57)) 26 24 25 7 39 6 (42,43) 64 40 ((3,(4,5)),(8,9)) 63 (72,(85,(86,87))) (65,66) 
approx F2: ((((0,1),2),((10,11),(((12,13),(14,15)),16))),((((17,18),19),(((20,((21,22),23)),(30,((33,34),35))),((47,((48,49),((50,(51,52)),58))),((59,60),(61,62))))),(71,((88,(89,90)),(91,97))))) 99 (73,74) 98 95 (53,54) 96 92 44 (93,94) 81 (83,84) 82 79 77 80 76 78 75 (69,70) 41 (67,68) 46 (31,32) 45 37 36 38 ((27,28),29) (55,(56,57)) 26 24 ((3,(4,5)),(8,9)) 25 7 39 6 (42,43) 64 40 63 (72,(85,(86,87))) (65,66) 
approx drSPR=42


CLUSTERS
C1_1: (36,((37,38),39)) 
C1_2: (((37,36),38),39) 
cluster approx drSPR=3

1 
F1_1: ((37,38),39) 36 
F1_2: ((37,38),39) 36 
cluster exact drSPR=1

C2_1: (77,(78,(79,80))) 
C2_2: (78,((79,77),80)) 
cluster approx drSPR=3

1 
F2_1: (78,(79,80)) 77 
F2_2: (78,(79,80)) 77 
cluster exact drSPR=1

C3_1: (((((0,1),2),((3,(4,(5,(6,7)))),(8,9))),((10,11),(((12,13),(14,15)),16))),((((17,18),19),(((((20,(((21,22),23),(24,25))),((26,((27,28),29)),(30,(((31,32),(33,34)),35)))),((40,(41,((42,43),44))),((37,38),39))),(45,46)),((47,((48,49),(((50,(51,(52,(53,54)))),(55,(56,57))),58))),((59,60),(61,62))))),(((((63,(64,(65,(66,((67,68),(69,70)))))),71),(72,((73,74),(((75,76),(78,(79,80))),(((81,82),(83,84)),(85,(86,87))))))),((88,(89,90)),(91,((92,(93,94)),((95,96),97))))),(98,99)))) 
C3_2: (((((0,1),2),75),((10,11),(((12,13),(14,15)),16))),((((17,18),19),((((20,(((21,22),23),((24,((3,(4,(5,(6,(7,((37,38),39)))))),(8,9))),25))),(26,((30,((((31,32),46),(33,34)),35)),82))),45),((47,((48,49),((50,(51,(52,((53,54),95)))),58))),((59,60),(61,62))))),(((((((63,(((76,(78,(79,80))),((81,(83,84)),((85,(86,87)),72))),(((27,28),29),(55,(56,57))))),(65,(66,((67,68),((69,70),41))))),71),((73,74),99)),((88,(89,90)),(91,(((92,44),(93,94)),(96,97))))),98),(40,(64,(42,43)))))) 
cluster approx drSPR=36

12 13 14 15 
F3_1: ((((0,1),2),((10,11),(((12,13),(14,15)),16))),((((17,18),19),((((20,(((21,22),23),(24,25))),(26,(30,(((31,32),(33,34)),35)))),45),((47,((48,49),((50,(51,(52,(53,54)))),58))),((59,60),(61,62))))),(((((63,(65,(66,((67,68),(69,70))))),71),(73,74)),((88,(89,90)),(91,((92,(93,94)),(96,97))))),98))) 99 95 44 82 75 41 46 ((27,28),29) ((37,38),39) ((3,(4,(5,(6,7)))),(8,9)) (55,(56,57)) 72 64 ((76,(78,(79,80))),((81,(83,84)),(85,(86,87)))) (40,(42,43)) 
F3_2: ((((0,1),2),((10,11),(((12,13),(14,15)),16))),((((17,18),19),((((20,(((21,22),23),(24,25))),(26,(30,(((31,32),(33,34)),35)))),45),((47,((48,49),((50,(51,(52,(53,54)))),58))),((59,60),(61,62))))),(((((63,(65,(66,((67,68),(69,70))))),71),(73,74)),((88,(89,90)),(91,((92,(93,94)),(96,97))))),98))) 99 95 44 82 75 41 46 ((27,28),29) ((3,(4,(5,(6,7)))),(8,9)) ((37,38),39) (55,(56,57)) 72 64 ((76,(78,(79,80))),((81,(83,84)),(85,(86,87)))) (40,(42,43)) 
cluster exact drSPR=15

F1: ((((1,2),3),((11,12),(((13,14),(15,16)),17))),((((18,19),20),((((21,(((22,23),24),(25,26))),(27,(31,(((32,33),(34,35)),36)))),46),((48,((49,50),((51,(52,(53,(54,55)))),59))),((60,61),(62,63))))),(((((64,(66,(67,((68,69),(70,71))))),72),(74,75)),((89,(90,91)),(92,((93,(94,95)),(97,98))))),99))) 37 78 100 96 45 83 76 42 47 ((28,29),30) ((38,39),40) ((4,(5,(6,(7,8)))),(9,10)) (56,(57,58)) 73 65 ((77,(79,(80,81))),((82,(84,85)),(86,(87,88)))) (41,(43,44)) 
F2: ((((1,2),3),((11,12),(((13,14),(15,16)),17))),((((18,19),20),((((21,(((22,23),24),(25,26))),(27,(31,(((32,33),(34,35)),36)))),46),((48,((49,50),((51,(52,(53,(54,55)))),59))),((60,61),(62,63))))),(((((64,(66,(67,((68,69),(70,71))))),72),(74,75)),((89,(90,91)),(92,((93,(94,95)),(97,98))))),99))) 37 78 100 96 45 83 76 42 47 ((28,29),30) ((4,(5,(6,(7,8)))),(9,10)) ((38,39),40) (56,(57,58)) 73 65 ((77,(79,(80,81))),((82,(84,85)),(86,(87,88)))) (41,(43,44)) 
total exact drSPR=17
\n\n////////////////////////////////////////////////////////
multi_tree_basic_2.txt
////////////////////////////////////////////////////////\n\n
T1: ((0,1,2),((3,4),5,(6,7,8,9)))
T2: ((0,1,2),(3,4,5),(6,7,8,9))

T1: ((0,1,2),((3,4),5,(6,7,8,9))) 
T2: ((0,1,2),(3,4,5),(6,7,8,9)) 
approx F1: ((0,1,2),((6,7,8,9),((3,4),5))) 
approx F2: ((0,1,2),((6,7,8,9),((3,4),5))) 
approx drSPR=0

C1_1: ((0,1,2),((6,7,8,9),((3,4),5))) 
C1_2: ((0,1,2),((6,7,8,9),((3,4),5))) 
cluster approx drSPR=0

0 
F1_1: ((0,1,2),((6,7,8,9),((3,4),5))) 
F1_2: ((0,1,2),((6,7,8,9),((3,4),5))) 
cluster exact drSPR=0

F1: ((0,1,2),((6,7,8,9),((3,4),5))) 
F2: ((0,1,2),((6,7,8,9),((3,4),5))) 
total exact drSPR=0
\n\n////////////////////////////////////////////////////////
multi_tree_basic_5.txt
////////////////////////////////////////////////////////\n\n
T1: (0,1,2,3,4)
T2: (((0,1,2),3),4)

T1: (0,1,2,3,4) 
T2: (((0,1,2),3),4) 
approx F1: (4,(3,(0,1,2))) 
approx F2: (4,(3,(0,1,2))) 
approx drSPR=0

C1_1: (4,(3,(0,1,2))) 
C1_2: (4,(3,(0,1,2))) 
cluster approx drSPR=0

0 
F1_1: (4,(3,(0,1,2))) 
F1_2: (4,(3,(0,1,2))) 
cluster exact drSPR=0

F1: (4,(3,(0,1,2))) 
F2: (4,(3,(0,1,2))) 
total exact drSPR=0
\n\n////////////////////////////////////////////////////////
multi_tree_7.1_test_00.txt
////////////////////////////////////////////////////////\n\n
T1: ((0,1),(2,3,(4,5),(6,7)))
T2: ((5,2,0),4,(7,3,1,6))

T1: ((0,1),(2,3,(4,5),(6,7))) 
T2: ((5,2,0),4,(7,3,1,6)) 
approx F1: (3,(6,7)) 5 4 1 2 0 
approx F2: (3,(6,7)) 5 2 4 1 0 
approx drSPR=5

C1_1: ((0,1),(2,3,(4,5),(6,7))) 
C1_2: ((5,2,0),4,(3,1,(6,7))) 
cluster approx drSPR=5

1 2 3 
F1_1: ((2,5),(3,(6,7))) 4 0 1 
F1_2: ((2,5),(3,(6,7))) 4 0 1 
cluster exact drSPR=3

F1: ((2,5),(3,(6,7))) 4 0 1 
F2: ((2,5),(3,(6,7))) 4 0 1 
total exact drSPR=3
\n\n////////////////////////////////////////////////////////
multi_tree_7.3_test_00.txt
////////////////////////////////////////////////////////\n\n
T1: (0,(1,2,3),4,5)
T2: (3,(0,4,2),(5,1))

T1: (0,(1,2,3),4,5) 
T2: (3,(0,4,2),(5,1)) 
approx F1: (0,4) 2 1 p 3 5 
approx F2: 3 2 (0,4) 1 5 p 
approx drSPR=5

C1_1: (0,(1,2,3),4,5) 
C1_2: (3,(0,4,2),(5,1)) 
cluster approx drSPR=5

1 2 
F1_1: ((0,4),(3,5)) 2 1 
F1_2: ((0,4),(3,5)) 2 1 
cluster exact drSPR=2

F1: ((0,4),(3,5)) 2 1 
F2: ((0,4),(3,5)) 2 1 
total exact drSPR=2
\n\n////////////////////////////////////////////////////////
multi_tree_7.4_test_00.txt
////////////////////////////////////////////////////////\n\n
T1: ((0,1,2,3),(4,5,6,7))
T2: ((0,4),(1,5),(2,6),(3,7))

T1: ((0,1,2,3),(4,5,6,7)) 
T2: ((0,4),(1,5),(2,6),(3,7)) 
approx F1: 3 4 0 5 1 6 2 7 
approx F2: 3 4 0 5 1 6 2 7 
approx drSPR=7

C1_1: ((0,1,2,3),(4,5,6,7)) 
C1_2: ((0,4),(1,5),(2,6),(3,7)) 
cluster approx drSPR=7

2 3 4 
F1_1: ((3,(0,2)),5) 4 6 1 7 
F1_2: ((3,(0,2)),5) 4 6 1 7 
cluster exact drSPR=4

F1: ((3,(0,2)),5) 4 6 1 7 
F2: ((3,(0,2)),5) 4 6 1 7 
total exact drSPR=4
\n\n////////////////////////////////////////////////////////
multi_tree_8.2_test_00.txt
////////////////////////////////////////////////////////\n\n
T1: ((0,1,2),(4,5,6,7))
T2: ((4,0),(5,1),(6,2),7)

T1: ((0,1,2),(3,4,5,6)) 
T2: ((3,0),(4,1),(5,2),6) 
approx F1: 2 3 0 4 1 5 p 6 
approx F2: 6 3 0 4 1 5 2 p 
approx drSPR=7

C1_1: ((0,1,2),(3,4,5,6)) 
C1_2: ((3,0),(4,1),(5,2),6) 
cluster approx drSPR=7

2 3 
F1_1: (1,(5,(3,6))) 4 0 2 
F1_2: (1,(5,(3,6))) 4 0 2 
cluster exact drSPR=3

F1: (1,(6,(4,7))) 5 0 2 
F2: (1,(6,(4,7))) 5 0 2 
total exact drSPR=3
\n\n////////////////////////////////////////////////////////
multi_tree_8.4_test_00.txt
////////////////////////////////////////////////////////\n\n
T1: ((0,1,2),3,4,5)
T2: (((3,0),(4,1)),(2,5))

T1: ((0,1,2),3,4,5) 
T2: (((3,0),(4,1)),(2,5)) 
approx F1: 5 0 3 1 4 2 
approx F2: 5 0 3 1 4 2 
approx drSPR=5

C1_1: ((0,1,2),3,4,5) 
C1_2: (((3,0),(4,1)),(2,5)) 
cluster approx drSPR=5

1 2 
F1_1: ((3,4),(2,5)) 0 1 
F1_2: ((3,4),(2,5)) 0 1 
cluster exact drSPR=2

F1: ((3,4),(2,5)) 0 1 
F2: ((3,4),(2,5)) 0 1 
total exact drSPR=2
\n\n////////////////////////////////////////////////////////
multi_tree_8.4_test_01.txt
////////////////////////////////////////////////////////\n\n
T1: ((0,1,2),3,4,5)
T2: (((3,0),(4,1)),(2,5))

T1: ((0,1,2),3,4,5) 
T2: (((3,0),(4,1)),(2,5)) 
approx F1: 5 0 3 1 4 2 
approx F2: 5 0 3 1 4 2 
approx drSPR=5

C1_1: ((0,1,2),3,4,5) 
C1_2: (((3,0),(4,1)),(2,5)) 
cluster approx drSPR=5

1 2 
F1_1: ((3,4),(2,5)) 0 1 
F1_2: ((3,4),(2,5)) 0 1 
cluster exact drSPR=2

F1: ((3,4),(2,5)) 0 1 
F2: ((3,4),(2,5)) 0 1 
total exact drSPR=2
\n\n////////////////////////////////////////////////////////
multi_tree_8.5_test_00.txt
////////////////////////////////////////////////////////\n\n
T1: ((0,1,2,3),(4,5,6,7),(8,9,10,11))
T2: ((0,4,8),(1,5,9),(2,6,10),(3,7,11))

T1: ((0,1,2,3),(4,5,6,7),(8,9,10,11)) 
T2: ((0,4,8),(1,5,9),(2,6,10),(3,7,11)) 
approx F1: 3 8 9 10 11 7 0 4 1 5 2 6 
approx F2: 3 8 0 9 1 10 2 11 7 4 5 6 
approx drSPR=11

C1_1: ((0,1,2,3),(4,5,6,7),(8,9,10,11)) 
C1_2: ((0,4,8),(1,5,9),(2,6,10),(3,7,11)) 
cluster approx drSPR=11

3 4 5 6 7 
F1_1: (9,(11,(8,10))) 2 6 0 4 7 3 (1,5) 
F1_2: (9,(11,(8,10))) 0 2 7 (1,5) 6 4 3 
cluster exact drSPR=7

F1: (9,(11,(8,10))) 2 6 0 4 7 3 (1,5) 
F2: (9,(11,(8,10))) 0 2 7 (1,5) 6 4 3 
total exact drSPR=7
\n\n////////////////////////////////////////////////////////
multi_tree_8.6_test_00.txt
////////////////////////////////////////////////////////\n\n
T1: ((0,1),(2,3,4))
T2: ((((2,0),1),3),4)

T1: ((0,1),(2,3,4)) 
T2: ((((2,0),1),3),4) 
approx F1: 4 3 2 1 0 
approx F2: 4 3 1 2 0 
approx drSPR=4

C1_1: ((0,1),(2,3,4)) 
C1_2: ((((2,0),1),3),4) 
cluster approx drSPR=4

1 2 
F1_1: ((0,1),4) 2 3 
F1_2: ((0,1),4) 2 3 
cluster exact drSPR=2

F1: ((0,1),4) 2 3 
F2: ((0,1),4) 2 3 
total exact drSPR=2
\n\n////////////////////////////////////////////////////////
multi_tree_8.7_test_00.txt
////////////////////////////////////////////////////////\n\n
T1: ((0,1,2),(3,4,5))
T2: ((((3,0),1),4),(5,2))

T1: ((0,1,2),(3,4,5)) 
T2: ((((3,0),1),4),(5,2)) 
approx F1: 2 3 0 4 1 5 
approx F2: 2 3 0 4 1 5 
approx drSPR=5

C1_1: ((0,1,2),(3,4,5)) 
C1_2: ((((3,0),1),4),(5,2)) 
cluster approx drSPR=5

1 2 3 
F1_1: (4,5) 2 3 (0,1) 
F1_2: (4,5) (0,1) 2 3 
cluster exact drSPR=3

F1: (4,5) 2 3 (0,1) 
F2: (4,5) (0,1) 2 3 
total exact drSPR=3
\n\n////////////////////////////////////////////////////////
multi_tree_8.7_test_01.txt
////////////////////////////////////////////////////////\n\n
T1: ((0,1,2),(3,4,5,6))
T2: ((((3,0),1),(2,6),4),5)

T1: ((0,1,2),(3,4,5,6)) 
T2: ((((3,0),1),(2,6),4),5) 
approx F1: 1 3 0 6 2 4 p 5 
approx F2: 5 3 0 6 2 4 1 p 
approx drSPR=7

C1_1: ((0,1,2),(3,4,5,6)) 
C1_2: ((((3,0),1),(2,6),4),5) 
cluster approx drSPR=7

2 3 
F1_1: ((2,(0,1)),5) 3 6 4 
F1_2: ((2,(0,1)),5) 3 6 4 
cluster exact drSPR=3

F1: ((2,(0,1)),5) 3 6 4 
F2: ((2,(0,1)),5) 3 6 4 
total exact drSPR=3
\n\n////////////////////////////////////////////////////////
cluster_test
////////////////////////////////////////////////////////\n\n
T1: (((x,((b1,b3),b2)),y),(f,(a,c)))
T2: (((x,y),f),((a,((b1,b2),b3)),c))

T1: (((0,((1,2),3)),4),(5,(6,7))) 
T2: (((0,4),5),((6,((1,3),2)),7)) 
approx F1: ((0,4),5) 6 7 1 2 3 
approx F2: ((0,4),5) 6 2 7 1 3 
approx drSPR=5

C1_1: (((0,((1,2),3)),4),(5,(6,7))) 
C1_2: (((0,4),5),((6,((1,3),2)),7)) 
cluster approx drSPR=5

1 2 3 
F1_1: ((0,4),(6,7)) 1 (2,3) 5 
F1_2: ((0,4),(6,7)) (2,3) 1 5 
cluster exact drSPR=3

F1: ((x,y),(a,c)) b1 (b3,b2) f 
F2: ((x,y),(a,c)) (b3,b2) b1 f 
total exact drSPR=3
\n\n////////////////////////////////////////////////////////
cluster_1.txt
////////////////////////////////////////////////////////\n\n
T1: ((19,(20,(21,(22,23)))),(((24,25),(26,(27,(29,((30,32),(34,35)))))),(38,(39,(40,41)))))
T2: ((22,23),((26,(27,((20,19),((24,25),(21,(38,(39,(40,41)))))))),(29,((30,32),(35,34)))))

T1: ((0,(1,(2,(3,4)))),(((5,6),(7,(8,(9,((10,11),(12,13)))))),(14,(15,(16,17))))) 
T2: ((3,4),((7,(8,((1,0),((5,6),(2,(14,(15,(16,17)))))))),(9,((10,11),(13,12))))) 
approx F1: (0,1) 8 (9,((10,11),(12,13))) 2 (14,(15,(16,17))) (3,4) (5,6) p 7 
approx F2: 7 8 (0,1) (9,((10,11),(12,13))) 2 (14,(15,(16,17))) (3,4) (5,6) p 
approx drSPR=8

C1_1: ((0,(1,(2,(3,4)))),(((5,6),(7,(8,(9,((10,11),(12,13)))))),(14,(15,(16,17))))) 
C1_2: ((3,4),((7,(8,((1,0),((5,6),(2,(14,(15,(16,17)))))))),(9,((10,11),(12,13))))) 
cluster approx drSPR=8

2 3 4 5 
F1_1: ((0,1),((5,6),(14,(15,(16,17))))) 8 2 7 (3,4) (9,((10,11),(12,13))) 
F1_2: ((0,1),((5,6),(14,(15,(16,17))))) 8 2 7 (3,4) (9,((10,11),(12,13))) 
cluster exact drSPR=5

F1: ((19,20),((24,25),(38,(39,(40,41))))) 27 21 26 (22,23) (29,((30,32),(34,35))) 
F2: ((19,20),((24,25),(38,(39,(40,41))))) 27 21 26 (22,23) (29,((30,32),(34,35))) 
total exact drSPR=5
\n\n////////////////////////////////////////////////////////
cluster_2.txt
////////////////////////////////////////////////////////\n\n
T1: ((0,(1,3)),((5,(7,9)),14))
T2: (3,((7,((1,0),(5,14))),9))

T1: ((0,(1,2)),((3,(4,5)),6)) 
T2: (2,((4,((1,0),(3,6))),5)) 
approx F1: (3,6) 4 5 1 0 p 2 
approx F2: 2 4 (3,6) 5 1 0 p 
approx drSPR=6

C1_1: ((0,(1,2)),((3,(4,5)),6)) 
C1_2: (2,((4,((1,0),(3,6))),5)) 
cluster approx drSPR=6

2 3 
F1_1: ((0,1),(3,6)) 4 2 5 
F1_2: ((0,1),(3,6)) 4 2 5 
cluster exact drSPR=3

F1: ((0,1),(5,14)) 7 3 9 
F2: ((0,1),(5,14)) 7 3 9 
total exact drSPR=3
\n\n////////////////////////////////////////////////////////
cluster_3.txt
////////////////////////////////////////////////////////\n\n
T1: ((((120,121),(123,129)),132),137)
T2: (((((137,132),121),129),123),120)

T1: ((((0,1),(2,3)),4),5) 
T2: (((((5,4),1),3),2),0) 
approx F1: (4,5) 3 2 1 p 0 
approx F2: 0 3 (4,5) 2 1 p 
approx drSPR=5

C1_1: ((((0,1),(2,3)),4),5) 
C1_2: (((((5,4),1),3),2),0) 
cluster approx drSPR=5

1 2 3 
F1_1: (0,(2,3)) 1 5 4 
F1_2: (0,(2,3)) 5 1 4 
cluster exact drSPR=3

F1: (120,(123,129)) 121 137 132 
F2: (120,(123,129)) 137 121 132 
total exact drSPR=3
\n\n////////////////////////////////////////////////////////
cluster_5.txt
////////////////////////////////////////////////////////\n\n
T1: ((((((((((((((((0,1),2),((3,(4,(5,6))),7)),(((8,9),(((10,(11,(12,13))),((((((14,15),16),((17,18),19)),20),(21,22)),(23,24))),(25,(26,27)))),28)),29),30),31),((32,(33,34)),((((35,(36,(37,38))),((39,(40,41)),42)),43),44))),((((((45,46),(((((47,48),49),50),(51,52)),53)),((((54,55),56),57),58)),(((59,60),61),((62,63),64))),65),((66,67),(68,69)))),70),((71,72),73)),(74,((((((75,(76,77)),78),79),80),(((81,(82,(83,84))),((85,86),87)),88)),((((((((((89,90),91),(92,93)),94),95),(96,97)),(((98,99),((100,101),102)),103)),104),((((((105,(106,107)),(108,109)),110),111),112),(113,(114,115)))),116)))),((((((117,118),(119,120)),121),((122,((123,124),125)),(126,127))),(((128,129),130),131)),132)),((((133,(134,135)),(136,(137,(138,139)))),(140,((((((141,(((142,143),144),145)),146),147),(((148,149),150),151)),152),153))),((154,155),156))),((157,(((((158,159),160),((161,(162,(163,(164,165)))),166)),167),168)),(169,170))),(((171,172),(((173,((((174,175),(176,(177,178))),(179,((180,181),((182,(183,(((184,185),(186,187)),188))),((189,190),(191,192)))))),(193,194))),(195,(196,197))),(((((198,199),200),201),202),203))),((((204,205),206),((207,(208,209)),(((210,((211,((212,(213,214)),215)),(216,((217,((218,(219,220)),221)),222)))),223),(((224,225),226),((227,228),(229,(230,231))))))),((232,233),(234,(235,((((236,237),238),((239,240),241)),(242,243))))))))
T2: ((140,(141,(142,(143,144,145)))),(104,(119,120),(121,(117,118))))

T1: ((((((((((((((((0,1),2),((3,(4,(5,6))),7)),(((8,9),(((10,(11,(12,13))),((((((14,15),16),((17,18),19)),20),(21,22)),(23,24))),(25,(26,27)))),28)),29),30),31),((32,(33,34)),((((35,(36,(37,38))),((39,(40,41)),42)),43),44))),((((((45,46),(((((47,48),49),50),(51,52)),53)),((((54,55),56),57),58)),(((59,60),61),((62,63),64))),65),((66,67),(68,69)))),70),((71,72),73)),(74,((((((75,(76,77)),78),79),80),(((81,(82,(83,84))),((85,86),87)),88)),((((((((((89,90),91),(92,93)),94),95),(96,97)),(((98,99),((100,101),102)),103)),104),((((((105,(106,107)),(108,109)),110),111),112),(113,(114,115)))),116)))),((((((117,118),(119,120)),121),((122,((123,124),125)),(126,127))),(((128,129),130),131)),132)),((((133,(134,135)),(136,(137,(138,139)))),(140,((((((141,(((142,143),144),145)),146),147),(((148,149),150),151)),152),153))),((154,155),156))),((157,(((((158,159),160),((161,(162,(163,(164,165)))),166)),167),168)),(169,170))),(((171,172),(((173,((((174,175),(176,(177,178))),(179,((180,181),((182,(183,(((184,185),(186,187)),188))),((189,190),(191,192)))))),(193,194))),(195,(196,197))),(((((198,199),200),201),202),203))),((((204,205),206),((207,(208,209)),(((210,((211,((212,(213,214)),215)),(216,((217,((218,(219,220)),221)),222)))),223),(((224,225),226),((227,228),(229,(230,231))))))),((232,233),(234,(235,((((236,237),238),((239,240),241)),(242,243)))))))) 
T2: ((140,(141,(142,(143,144,145)))),(104,(119,120),(121,(117,118)))) 
approx F1: (104,(140,141)) 143 142 (117,118) 121 (119,120) (144,145) 
approx F2: (104,(140,141)) 143 (144,145) 142 (117,118) 121 (119,120) 
approx drSPR=6

C1_1: ((104,(((117,118),(119,120)),121)),(140,(141,(((142,143),144),145)))) 
C1_2: ((140,(141,(142,(143,144,145)))),(104,(119,120),(121,(117,118)))) 
cluster approx drSPR=6

2 
F1_1: ((104,((119,120),121)),(140,(141,((143,144),145)))) 142 (117,118) 
F1_2: ((104,((119,120),121)),(140,(141,((143,144),145)))) 142 (117,118) 
cluster exact drSPR=2

F1: ((104,((119,120),121)),(140,(141,((143,144),145)))) 142 (117,118) 
F2: ((104,((119,120),121)),(140,(141,((143,144),145)))) 142 (117,118) 
total exact drSPR=2
\n\n////////////////////////////////////////////////////////
cluster_6.txt
////////////////////////////////////////////////////////\n\n
T1: (((((0,1),2),(3,4)),(((5,6),(7,(8,(9,(10,11))))),12)),(((13,((14,(15,(16,17))),(18,(19,((20,(21,(((22,23),(24,25)),26))),(27,28)))))),(((29,30),31),32)),((33,34),35)))
T2: ((3,(4,(12,((7,(8,(9,(10,11)))),(5,6))))),((32,2),((0,1),((34,33),35)),(19,((20,(27,28)),(21,(((22,23),(24,25)),26)))),(18,(14,(15,(16,17)))),13,((29,30),31)))

T1: (((((0,1),2),(3,4)),(((5,6),(7,(8,(9,(10,11))))),12)),(((13,((14,(15,(16,17))),(18,(19,((20,(21,(((22,23),(24,25)),26))),(27,28)))))),(((29,30),31),32)),((33,34),35))) 
T2: ((3,(4,(12,((7,(8,(9,(10,11)))),(5,6))))),((32,2),((0,1),((34,33),35)),(19,((20,(27,28)),(21,(((22,23),(24,25)),26)))),(18,(14,(15,(16,17)))),13,((29,30),31))) 
approx F1: (0,1) 32 2 ((29,30),31) 20 (27,28) (21,(((22,23),(24,25)),26)) 4 (((5,6),(7,(8,(9,(10,11))))),12) 3 18 (14,(15,(16,17))) 19 ((33,34),35) p 13 
approx F2: 13 32 2 ((29,30),31) 20 (27,28) (21,(((22,23),(24,25)),26)) 4 (((5,6),(7,(8,(9,(10,11))))),12) 3 18 (14,(15,(16,17))) 19 ((33,34),35) (0,1) p 
approx drSPR=15

C1_1: (((((0,1),2),(3,4)),(((5,6),(7,(8,(9,(10,11))))),12)),(((13,((14,(15,(16,17))),(18,(19,((20,(21,(((22,23),(24,25)),26))),(27,28)))))),(((29,30),31),32)),((33,34),35))) 
C1_2: ((3,(4,(((5,6),(7,(8,(9,(10,11))))),12))),((32,2),((0,1),((33,34),35)),(19,((20,(27,28)),(21,(((22,23),(24,25)),26)))),(18,(14,(15,(16,17)))),13,((29,30),31))) 
cluster approx drSPR=15

5 
F1_1: ((3,4),(((13,((14,(15,(16,17))),(19,(20,(27,28))))),(((29,30),31),32)),((33,34),35))) 2 (21,(((22,23),(24,25)),26)) (((5,6),(7,(8,(9,(10,11))))),12) 18 (0,1) 
F1_2: ((3,4),(((13,((14,(15,(16,17))),(19,(20,(27,28))))),(((29,30),31),32)),((33,34),35))) 2 (21,(((22,23),(24,25)),26)) (((5,6),(7,(8,(9,(10,11))))),12) 18 (0,1) 
cluster exact drSPR=5

F1: ((3,4),(((13,((14,(15,(16,17))),(19,(20,(27,28))))),(((29,30),31),32)),((33,34),35))) 2 (21,(((22,23),(24,25)),26)) (((5,6),(7,(8,(9,(10,11))))),12) 18 (0,1) 
F2: ((3,4),(((13,((14,(15,(16,17))),(19,(20,(27,28))))),(((29,30),31),32)),((33,34),35))) 2 (21,(((22,23),(24,25)),26)) (((5,6),(7,(8,(9,(10,11))))),12) 18 (0,1) 
total exact drSPR=5
\n\n////////////////////////////////////////////////////////
cluster_7.txt
////////////////////////////////////////////////////////\n\n
T1: ((((((((((((((((0,1),2),((3,(4,(5,6))),7)),(((8,9),(((10,(11,(12,13))),((((((14,15),16),((17,18),19)),20),(21,22)),(23,24))),(25,(26,27)))),28)),29),30),31),((32,(33,34)),((((35,(36,(37,38))),((39,(40,41)),42)),43),44))),((((((45,46),(((((47,48),49),50),(51,52)),53)),((((54,55),56),57),58)),(((59,60),61),((62,63),64))),65),((66,67),(68,69)))),70),((71,72),73)),(74,((((((75,(76,77)),78),79),80),(((81,(82,(83,84))),((85,86),87)),88)),((((((((((89,90),91),(92,93)),94),95),(96,97)),(((98,99),((100,101),102)),103)),104),((((((105,(106,107)),(108,109)),110),111),112),(113,(114,115)))),116)))),((((((117,118),(119,120)),121),((122,((123,124),125)),(126,127))),(((128,129),130),131)),132)),((((133,(134,135)),(136,(137,(138,139)))),(140,((((((141,(((142,143),144),145)),146),147),(((148,149),150),151)),152),153))),((154,155),156))),((157,(((((158,159),160),((161,(162,(163,(164,165)))),166)),167),168)),(169,170))),(((171,172),(((173,((((174,175),(176,(177,178))),(179,((180,181),((182,(183,(((184,185),(186,187)),188))),((189,190),(191,192)))))),(193,194))),(195,(196,197))),(((((198,199),200),201),202),203))),((((204,205),206),((207,(208,209)),(((210,((211,((212,(213,214)),215)),(216,((217,((218,(219,220)),221)),222)))),223),(((224,225),226),((227,228),(229,(230,231))))))),((232,233),(234,(235,((((236,237),238),((239,240),241)),(242,243))))))))
T2: (157,(199,(205,(204,(206,(((230,231),229),(223,210),((225,224),226),(227,228),(((235,(((220,217,218,219),221),((243,242),(((240,239),241),((236,237),238))))),(207,(208,209)),234),((232,233),(195,203,202,197,201)))))))))

T1: ((((((((((((((((0,1),2),((3,(4,(5,6))),7)),(((8,9),(((10,(11,(12,13))),((((((14,15),16),((17,18),19)),20),(21,22)),(23,24))),(25,(26,27)))),28)),29),30),31),((32,(33,34)),((((35,(36,(37,38))),((39,(40,41)),42)),43),44))),((((((45,46),(((((47,48),49),50),(51,52)),53)),((((54,55),56),57),58)),(((59,60),61),((62,63),64))),65),((66,67),(68,69)))),70),((71,72),73)),(74,((((((75,(76,77)),78),79),80),(((81,(82,(83,84))),((85,86),87)),88)),((((((((((89,90),91),(92,93)),94),95),(96,97)),(((98,99),((100,101),102)),103)),104),((((((105,(106,107)),(108,109)),110),111),112),(113,(114,115)))),116)))),((((((117,118),(119,120)),121),((122,((123,124),125)),(126,127))),(((128,129),130),131)),132)),((((133,(134,135)),(136,(137,(138,139)))),(140,((((((141,(((142,143),144),145)),146),147),(((148,149),150),151)),152),153))),((154,155),156))),((157,(((((158,159),160),((161,(162,(163,(164,165)))),166)),167),168)),(169,170))),(((171,172),(((173,((((174,175),(176,(177,178))),(179,((180,181),((182,(183,(((184,185),(186,187)),188))),((189,190),(191,192)))))),(193,194))),(195,(196,197))),(((((198,199),200),201),202),203))),((((204,205),206),((207,(208,209)),(((210,((211,((212,(213,214)),215)),(216,((217,((218,(219,220)),221)),222)))),223),(((224,225),226),((227,228),(229,(230,231))))))),((232,233),(234,(235,((((236,237),238),((239,240),241)),(242,243)))))))) 
T2: (157,(199,(205,(204,(206,(((230,231),229),(223,210),((225,224),226),(227,228),(((235,(((220,217,218,219),221),((243,242),(((240,239),241),((236,237),238))))),(207,(208,209)),234),((232,233),(195,203,202,197,201))))))))) 
approx F1: 157 ((((236,237),238),((239,240),241)),(242,243)) 235 (218,(219,220)) 221 217 204 205 201 199 ((195,197),(202,203)) 234 (207,(208,209)) (232,233) (206,((210,223),(((224,225),226),((227,228),(229,(230,231)))))) 
approx F2: 157 ((((236,237),238),((239,240),241)),(242,243)) 221 235 (218,(219,220)) 217 204 (206,((210,223),(((224,225),226),((227,228),(229,(230,231)))))) 205 201 ((195,197),(202,203)) 199 234 (207,(208,209)) (232,233) 
approx drSPR=14

C1_1: (157,(((195,197),(((199,201),202),203)),((((204,205),206),((207,(208,209)),(((210,(217,((218,(219,220)),221))),223),(((224,225),226),((227,228),(229,(230,231))))))),((232,233),(234,(235,((((236,237),238),((239,240),241)),(242,243)))))))) 
C1_2: (157,(199,(205,(204,(206,((223,210),(((235,(((217,(218,(219,220))),221),((((236,237),238),((239,240),241)),(242,243)))),(207,(208,209)),234),((232,233),(203,202,201,(195,197)))),(((224,225),226),((227,228),(229,(230,231)))))))))) 
cluster approx drSPR=14

4 5 6 7 
F1_1: 157 (218,(219,220)) (217,221) 199 (234,(235,((((236,237),238),((239,240),241)),(242,243)))) (204,205) (206,((207,(208,209)),((210,223),(((224,225),226),((227,228),(229,(230,231))))))) (((195,197),((201,202),203)),(232,233)) 
F1_2: 157 (217,221) (218,(219,220)) (206,((207,(208,209)),((210,223),(((224,225),226),((227,228),(229,(230,231))))))) 199 (234,(235,((((236,237),238),((239,240),241)),(242,243)))) (((195,197),((201,202),203)),(232,233)) (204,205) 
cluster exact drSPR=7

F1: 157 (218,(219,220)) (217,221) 199 (234,(235,((((236,237),238),((239,240),241)),(242,243)))) (204,205) (206,((207,(208,209)),((210,223),(((224,225),226),((227,228),(229,(230,231))))))) (((195,197),((201,202),203)),(232,233)) 
F2: 157 (217,221) (218,(219,220)) (206,((207,(208,209)),((210,223),(((224,225),226),((227,228),(229,(230,231))))))) 199 (234,(235,((((236,237),238),((239,240),241)),(242,243)))) (((195,197),((201,202),203)),(232,233)) (204,205) 
total exact drSPR=7
\n\n////////////////////////////////////////////////////////
cluster_8.txt
////////////////////////////////////////////////////////\n\n
T1: ((((((((((((((((0,1),2),((3,(4,(5,6))),7)),(((8,9),(((10,(11,(12,13))),((((((14,15),16),((17,18),19)),20),(21,22)),(23,24))),(25,(26,27)))),28)),29),30),31),((32,(33,34)),((((35,(36,(37,38))),((39,(40,41)),42)),43),44))),((((((45,46),(((((47,48),49),50),(51,52)),53)),((((54,55),56),57),58)),(((59,60),61),((62,63),64))),65),((66,67),(68,69)))),70),((71,72),73)),(74,((((((75,(76,77)),78),79),80),(((81,(82,(83,84))),((85,86),87)),88)),((((((((((89,90),91),(92,93)),94),95),(96,97)),(((98,99),((100,101),102)),103)),104),((((((105,(106,107)),(108,109)),110),111),112),(113,(114,115)))),116)))),((((((117,118),(119,120)),121),((122,((123,124),125)),(126,127))),(((128,129),130),131)),132)),((((133,(134,135)),(136,(137,(138,139)))),(140,((((((141,(((142,143),144),145)),146),147),(((148,149),150),151)),152),153))),((154,155),156))),((157,(((((158,159),160),((161,(162,(163,(164,165)))),166)),167),168)),(169,170))),(((171,172),(((173,((((174,175),(176,(177,178))),(179,((180,181),((182,(183,(((184,185),(186,187)),188))),((189,190),(191,192)))))),(193,194))),(195,(196,197))),(((((198,199),200),201),202),203))),((((204,205),206),((207,(208,209)),(((210,((211,((212,(213,214)),215)),(216,((217,((218,(219,220)),221)),222)))),223),(((224,225),226),((227,228),(229,(230,231))))))),((232,233),(234,(235,((((236,237),238),((239,240),241)),(242,243))))))))
T2: (30,(11,(25,(20,(27,9)),(12,13),10)))

T1: ((((((((((((((((0,1),2),((3,(4,(5,6))),7)),(((8,9),(((10,(11,(12,13))),((((((14,15),16),((17,18),19)),20),(21,22)),(23,24))),(25,(26,27)))),28)),29),30),31),((32,(33,34)),((((35,(36,(37,38))),((39,(40,41)),42)),43),44))),((((((45,46),(((((47,48),49),50),(51,52)),53)),((((54,55),56),57),58)),(((59,60),61),((62,63),64))),65),((66,67),(68,69)))),70),((71,72),73)),(74,((((((75,(76,77)),78),79),80),(((81,(82,(83,84))),((85,86),87)),88)),((((((((((89,90),91),(92,93)),94),95),(96,97)),(((98,99),((100,101),102)),103)),104),((((((105,(106,107)),(108,109)),110),111),112),(113,(114,115)))),116)))),((((((117,118),(119,120)),121),((122,((123,124),125)),(126,127))),(((128,129),130),131)),132)),((((133,(134,135)),(136,(137,(138,139)))),(140,((((((141,(((142,143),144),145)),146),147),(((148,149),150),151)),152),153))),((154,155),156))),((157,(((((158,159),160),((161,(162,(163,(164,165)))),166)),167),168)),(169,170))),(((171,172),(((173,((((174,175),(176,(177,178))),(179,((180,181),((182,(183,(((184,185),(186,187)),188))),((189,190),(191,192)))))),(193,194))),(195,(196,197))),(((((198,199),200),201),202),203))),((((204,205),206),((207,(208,209)),(((210,((211,((212,(213,214)),215)),(216,((217,((218,(219,220)),221)),222)))),223),(((224,225),226),((227,228),(229,(230,231))))))),((232,233),(234,(235,((((236,237),238),((239,240),241)),(242,243)))))))) 
T2: (30,(11,(25,(20,(27,9)),(12,13),10))) 
approx F1: 30 27 9 25 (12,13) 11 (10,20) 
approx F2: 30 27 9 25 (12,13) (10,20) 11 
approx drSPR=6

C1_1: ((9,(((10,(11,(12,13))),20),(25,27))),30) 
C1_2: (30,(11,(25,(20,(27,9)),(12,13),10))) 
cluster approx drSPR=6

2 3 
F1_1: ((9,((10,(12,13)),25)),30) 27 11 20 
F1_2: ((9,((10,(12,13)),25)),30) 27 11 20 
cluster exact drSPR=3

F1: ((9,((10,(12,13)),25)),30) 27 11 20 
F2: ((9,((10,(12,13)),25)),30) 27 11 20 
total exact drSPR=3
\n\n////////////////////////////////////////////////////////
cluster_9.txt
////////////////////////////////////////////////////////\n\n
T1: ((((((((((((((((0,1),2),((3,(4,(5,6))),7)),(((8,9),(((10,(11,(12,13))),((((((14,15),16),((17,18),19)),20),(21,22)),(23,24))),(25,(26,27)))),28)),29),30),31),((32,(33,34)),((((35,(36,(37,38))),((39,(40,41)),42)),43),44))),((((((45,46),(((((47,48),49),50),(51,52)),53)),((((54,55),56),57),58)),(((59,60),61),((62,63),64))),65),((66,67),(68,69)))),70),((71,72),73)),(74,((((((75,(76,77)),78),79),80),(((81,(82,(83,84))),((85,86),87)),88)),((((((((((89,90),91),(92,93)),94),95),(96,97)),(((98,99),((100,101),102)),103)),104),((((((105,(106,107)),(108,109)),110),111),112),(113,(114,115)))),116)))),((((((117,118),(119,120)),121),((122,((123,124),125)),(126,127))),(((128,129),130),131)),132)),((((133,(134,135)),(136,(137,(138,139)))),(140,((((((141,(((142,143),144),145)),146),147),(((148,149),150),151)),152),153))),((154,155),156))),((157,(((((158,159),160),((161,(162,(163,(164,165)))),166)),167),168)),(169,170))),(((171,172),(((173,((((174,175),(176,(177,178))),(179,((180,181),((182,(183,(((184,185),(186,187)),188))),((189,190),(191,192)))))),(193,194))),(195,(196,197))),(((((198,199),200),201),202),203))),((((204,205),206),((207,(208,209)),(((210,((211,((212,(213,214)),215)),(216,((217,((218,(219,220)),221)),222)))),223),(((224,225),226),((227,228),(229,(230,231))))))),((232,233),(234,(235,((((236,237),238),((239,240),241)),(242,243))))))))
T2: ((41,(36,(38,37))),(30,(59,58),32,55))

T1: ((((((((((((((((0,1),2),((3,(4,(5,6))),7)),(((8,9),(((10,(11,(12,13))),((((((14,15),16),((17,18),19)),20),(21,22)),(23,24))),(25,(26,27)))),28)),29),30),31),((32,(33,34)),((((35,(36,(37,38))),((39,(40,41)),42)),43),44))),((((((45,46),(((((47,48),49),50),(51,52)),53)),((((54,55),56),57),58)),(((59,60),61),((62,63),64))),65),((66,67),(68,69)))),70),((71,72),73)),(74,((((((75,(76,77)),78),79),80),(((81,(82,(83,84))),((85,86),87)),88)),((((((((((89,90),91),(92,93)),94),95),(96,97)),(((98,99),((100,101),102)),103)),104),((((((105,(106,107)),(108,109)),110),111),112),(113,(114,115)))),116)))),((((((117,118),(119,120)),121),((122,((123,124),125)),(126,127))),(((128,129),130),131)),132)),((((133,(134,135)),(136,(137,(138,139)))),(140,((((((141,(((142,143),144),145)),146),147),(((148,149),150),151)),152),153))),((154,155),156))),((157,(((((158,159),160),((161,(162,(163,(164,165)))),166)),167),168)),(169,170))),(((171,172),(((173,((((174,175),(176,(177,178))),(179,((180,181),((182,(183,(((184,185),(186,187)),188))),((189,190),(191,192)))))),(193,194))),(195,(196,197))),(((((198,199),200),201),202),203))),((((204,205),206),((207,(208,209)),(((210,((211,((212,(213,214)),215)),(216,((217,((218,(219,220)),221)),222)))),223),(((224,225),226),((227,228),(229,(230,231))))))),((232,233),(234,(235,((((236,237),238),((239,240),241)),(242,243)))))))) 
T2: ((41,(36,(38,37))),(30,(59,58),32,55)) 
approx F1: 30 58 59 55 32 p ((36,(37,38)),41) 
approx F2: ((36,(37,38)),41) 58 59 55 32 30 p 
approx drSPR=6

C1_1: ((30,(32,((36,(37,38)),41))),((55,58),59)) 
C1_2: (((36,(37,38)),41),(30,(59,58),32,55)) 
cluster approx drSPR=6

2 
F1_1: ((30,32),(55,59)) 58 ((36,(37,38)),41) 
F1_2: ((30,32),(55,59)) 58 ((36,(37,38)),41) 
cluster exact drSPR=2

F1: ((30,32),(55,59)) 58 ((36,(37,38)),41) 
F2: ((30,32),(55,59)) 58 ((36,(37,38)),41) 
total exact drSPR=2
\n\n////////////////////////////////////////////////////////
cluster_a.txt
////////////////////////////////////////////////////////\n\n
T1: ((((((((((((((((0,1),2),((3,(4,(5,6))),7)),(((8,9),(((10,(11,(12,13))),((((((14,15),16),((17,18),19)),20),(21,22)),(23,24))),(25,(26,27)))),28)),29),30),31),((32,(33,34)),((((35,(36,(37,38))),((39,(40,41)),42)),43),44))),((((((45,46),(((((47,48),49),50),(51,52)),53)),((((54,55),56),57),58)),(((59,60),61),((62,63),64))),65),((66,67),(68,69)))),70),((71,72),73)),(74,((((((75,(76,77)),78),79),80),(((81,(82,(83,84))),((85,86),87)),88)),((((((((((89,90),91),(92,93)),94),95),(96,97)),(((98,99),((100,101),102)),103)),104),((((((105,(106,107)),(108,109)),110),111),112),(113,(114,115)))),116)))),((((((117,118),(119,120)),121),((122,((123,124),125)),(126,127))),(((128,129),130),131)),132)),((((133,(134,135)),(136,(137,(138,139)))),(140,((((((141,(((142,143),144),145)),146),147),(((148,149),150),151)),152),153))),((154,155),156))),((157,(((((158,159),160),((161,(162,(163,(164,165)))),166)),167),168)),(169,170))),(((171,172),(((173,((((174,175),(176,(177,178))),(179,((180,181),((182,(183,(((184,185),(186,187)),188))),((189,190),(191,192)))))),(193,194))),(195,(196,197))),(((((198,199),200),201),202),203))),((((204,205),206),((207,(208,209)),(((210,((211,((212,(213,214)),215)),(216,((217,((218,(219,220)),221)),222)))),223),(((224,225),226),((227,228),(229,(230,231))))))),((232,233),(234,(235,((((236,237),238),((239,240),241)),(242,243))))))))
T2: (65,(38,(37,(35,(44,(32,29))))))

T1: ((((((((((((((((0,1),2),((3,(4,(5,6))),7)),(((8,9),(((10,(11,(12,13))),((((((14,15),16),((17,18),19)),20),(21,22)),(23,24))),(25,(26,27)))),28)),29),30),31),((32,(33,34)),((((35,(36,(37,38))),((39,(40,41)),42)),43),44))),((((((45,46),(((((47,48),49),50),(51,52)),53)),((((54,55),56),57),58)),(((59,60),61),((62,63),64))),65),((66,67),(68,69)))),70),((71,72),73)),(74,((((((75,(76,77)),78),79),80),(((81,(82,(83,84))),((85,86),87)),88)),((((((((((89,90),91),(92,93)),94),95),(96,97)),(((98,99),((100,101),102)),103)),104),((((((105,(106,107)),(108,109)),110),111),112),(113,(114,115)))),116)))),((((((117,118),(119,120)),121),((122,((123,124),125)),(126,127))),(((128,129),130),131)),132)),((((133,(134,135)),(136,(137,(138,139)))),(140,((((((141,(((142,143),144),145)),146),147),(((148,149),150),151)),152),153))),((154,155),156))),((157,(((((158,159),160),((161,(162,(163,(164,165)))),166)),167),168)),(169,170))),(((171,172),(((173,((((174,175),(176,(177,178))),(179,((180,181),((182,(183,(((184,185),(186,187)),188))),((189,190),(191,192)))))),(193,194))),(195,(196,197))),(((((198,199),200),201),202),203))),((((204,205),206),((207,(208,209)),(((210,((211,((212,(213,214)),215)),(216,((217,((218,(219,220)),221)),222)))),223),(((224,225),226),((227,228),(229,(230,231))))))),((232,233),(234,(235,((((236,237),238),((239,240),241)),(242,243)))))))) 
T2: (65,(38,(37,(35,(44,(32,29)))))) 
approx F1: 65 37 38 44 35 (29,32) 
approx F2: 65 37 35 38 44 (29,32) 
approx drSPR=5

C1_1: ((29,(32,((35,(37,38)),44))),65) 
C1_2: (65,(38,(37,(35,(44,(32,29)))))) 
cluster approx drSPR=5

1 2 3 
F1_1: 65 (37,38) (35,44) (29,32) 
F1_2: 65 (35,44) (37,38) (29,32) 
cluster exact drSPR=3

F1: 65 (37,38) (35,44) (29,32) 
F2: 65 (35,44) (37,38) (29,32) 
total exact drSPR=3
\n\n////////////////////////////////////////////////////////
cluster_b.txt
////////////////////////////////////////////////////////\n\n
T1: ((((((((((((((((0,1),2),((3,(4,(5,6))),7)),(((8,9),(((10,(11,(12,13))),((((((14,15),16),((17,18),19)),20),(21,22)),(23,24))),(25,(26,27)))),28)),29),30),31),((32,(33,34)),((((35,(36,(37,38))),((39,(40,41)),42)),43),44))),((((((45,46),(((((47,48),49),50),(51,52)),53)),((((54,55),56),57),58)),(((59,60),61),((62,63),64))),65),((66,67),(68,69)))),70),((71,72),73)),(74,((((((75,(76,77)),78),79),80),(((81,(82,(83,84))),((85,86),87)),88)),((((((((((89,90),91),(92,93)),94),95),(96,97)),(((98,99),((100,101),102)),103)),104),((((((105,(106,107)),(108,109)),110),111),112),(113,(114,115)))),116)))),((((((117,118),(119,120)),121),((122,((123,124),125)),(126,127))),(((128,129),130),131)),132)),((((133,(134,135)),(136,(137,(138,139)))),(140,((((((141,(((142,143),144),145)),146),147),(((148,149),150),151)),152),153))),((154,155),156))),((157,(((((158,159),160),((161,(162,(163,(164,165)))),166)),167),168)),(169,170))),(((171,172),(((173,((((174,175),(176,(177,178))),(179,((180,181),((182,(183,(((184,185),(186,187)),188))),((189,190),(191,192)))))),(193,194))),(195,(196,197))),(((((198,199),200),201),202),203))),((((204,205),206),((207,(208,209)),(((210,((211,((212,(213,214)),215)),(216,((217,((218,(219,220)),221)),222)))),223),(((224,225),226),((227,228),(229,(230,231))))))),((232,233),(234,(235,((((236,237),238),((239,240),241)),(242,243))))))))
T2: ((41,(36,(38,37))),(30,(59,58),32,55))

T1: ((((((((((((((((0,1),2),((3,(4,(5,6))),7)),(((8,9),(((10,(11,(12,13))),((((((14,15),16),((17,18),19)),20),(21,22)),(23,24))),(25,(26,27)))),28)),29),30),31),((32,(33,34)),((((35,(36,(37,38))),((39,(40,41)),42)),43),44))),((((((45,46),(((((47,48),49),50),(51,52)),53)),((((54,55),56),57),58)),(((59,60),61),((62,63),64))),65),((66,67),(68,69)))),70),((71,72),73)),(74,((((((75,(76,77)),78),79),80),(((81,(82,(83,84))),((85,86),87)),88)),((((((((((89,90),91),(92,93)),94),95),(96,97)),(((98,99),((100,101),102)),103)),104),((((((105,(106,107)),(108,109)),110),111),112),(113,(114,115)))),116)))),((((((117,118),(119,120)),121),((122,((123,124),125)),(126,127))),(((128,129),130),131)),132)),((((133,(134,135)),(136,(137,(138,139)))),(140,((((((141,(((142,143),144),145)),146),147),(((148,149),150),151)),152),153))),((154,155),156))),((157,(((((158,159),160),((161,(162,(163,(164,165)))),166)),167),168)),(169,170))),(((171,172),(((173,((((174,175),(176,(177,178))),(179,((180,181),((182,(183,(((184,185),(186,187)),188))),((189,190),(191,192)))))),(193,194))),(195,(196,197))),(((((198,199),200),201),202),203))),((((204,205),206),((207,(208,209)),(((210,((211,((212,(213,214)),215)),(216,((217,((218,(219,220)),221)),222)))),223),(((224,225),226),((227,228),(229,(230,231))))))),((232,233),(234,(235,((((236,237),238),((239,240),241)),(242,243)))))))) 
T2: ((41,(36,(38,37))),(30,(59,58),32,55)) 
approx F1: 30 58 59 55 32 p ((36,(37,38)),41) 
approx F2: ((36,(37,38)),41) 58 59 55 32 30 p 
approx drSPR=6

C1_1: ((30,(32,((36,(37,38)),41))),((55,58),59)) 
C1_2: (((36,(37,38)),41),(30,(59,58),32,55)) 
cluster approx drSPR=6

2 
F1_1: ((30,32),(55,59)) 58 ((36,(37,38)),41) 
F1_2: ((30,32),(55,59)) 58 ((36,(37,38)),41) 
cluster exact drSPR=2

F1: ((30,32),(55,59)) 58 ((36,(37,38)),41) 
F2: ((30,32),(55,59)) 58 ((36,(37,38)),41) 
total exact drSPR=2
\n\n////////////////////////////////////////////////////////
cluster_c.txt
////////////////////////////////////////////////////////\n\n
T1: ((((((((((((((((0,1),2),((3,(4,(5,6))),7)),(((8,9),(((10,(11,(12,13))),((((((14,15),16),((17,18),19)),20),(21,22)),(23,24))),(25,(26,27)))),28)),29),30),31),((32,(33,34)),((((35,(36,(37,38))),((39,(40,41)),42)),43),44))),((((((45,46),(((((47,48),49),50),(51,52)),53)),((((54,55),56),57),58)),(((59,60),61),((62,63),64))),65),((66,67),(68,69)))),70),((71,72),73)),(74,((((((75,(76,77)),78),79),80),(((81,(82,(83,84))),((85,86),87)),88)),((((((((((89,90),91),(92,93)),94),95),(96,97)),(((98,99),((100,101),102)),103)),104),((((((105,(106,107)),(108,109)),110),111),112),(113,(114,115)))),116)))),((((((117,118),(119,120)),121),((122,((123,124),125)),(126,127))),(((128,129),130),131)),132)),((((133,(134,135)),(136,(137,(138,139)))),(140,((((((141,(((142,143),144),145)),146),147),(((148,149),150),151)),152),153))),((154,155),156))),((157,(((((158,159),160),((161,(162,(163,(164,165)))),166)),167),168)),(169,170))),(((171,172),(((173,((((174,175),(176,(177,178))),(179,((180,181),((182,(183,(((184,185),(186,187)),188))),((189,190),(191,192)))))),(193,194))),(195,(196,197))),(((((198,199),200),201),202),203))),((((204,205),206),((207,(208,209)),(((210,((211,((212,(213,214)),215)),(216,((217,((218,(219,220)),221)),222)))),223),(((224,225),226),((227,228),(229,(230,231))))))),((232,233),(234,(235,((((236,237),238),((239,240),241)),(242,243))))))))
T2: (65,(38,(37,(35,(44,(32,29))))))

T1: ((((((((((((((((0,1),2),((3,(4,(5,6))),7)),(((8,9),(((10,(11,(12,13))),((((((14,15),16),((17,18),19)),20),(21,22)),(23,24))),(25,(26,27)))),28)),29),30),31),((32,(33,34)),((((35,(36,(37,38))),((39,(40,41)),42)),43),44))),((((((45,46),(((((47,48),49),50),(51,52)),53)),((((54,55),56),57),58)),(((59,60),61),((62,63),64))),65),((66,67),(68,69)))),70),((71,72),73)),(74,((((((75,(76,77)),78),79),80),(((81,(82,(83,84))),((85,86),87)),88)),((((((((((89,90),91),(92,93)),94),95),(96,97)),(((98,99),((100,101),102)),103)),104),((((((105,(106,107)),(108,109)),110),111),112),(113,(114,115)))),116)))),((((((117,118),(119,120)),121),((122,((123,124),125)),(126,127))),(((128,129),130),131)),132)),((((133,(134,135)),(136,(137,(138,139)))),(140,((((((141,(((142,143),144),145)),146),147),(((148,149),150),151)),152),153))),((154,155),156))),((157,(((((158,159),160),((161,(162,(163,(164,165)))),166)),167),168)),(169,170))),(((171,172),(((173,((((174,175),(176,(177,178))),(179,((180,181),((182,(183,(((184,185),(186,187)),188))),((189,190),(191,192)))))),(193,194))),(195,(196,197))),(((((198,199),200),201),202),203))),((((204,205),206),((207,(208,209)),(((210,((211,((212,(213,214)),215)),(216,((217,((218,(219,220)),221)),222)))),223),(((224,225),226),((227,228),(229,(230,231))))))),((232,233),(234,(235,((((236,237),238),((239,240),241)),(242,243)))))))) 
T2: (65,(38,(37,(35,(44,(32,29)))))) 
approx F1: 65 37 38 44 35 (29,32) 
approx F2: 65 37 35 38 44 (29,32) 
approx drSPR=5

C1_1: ((29,(32,((35,(37,38)),44))),65) 
C1_2: (65,(38,(37,(35,(44,(32,29)))))) 
cluster approx drSPR=5

1 2 3 
F1_1: 65 (37,38) (35,44) (29,32) 
F1_2: 65 (35,44) (37,38) (29,32) 
cluster exact drSPR=3

F1: 65 (37,38) (35,44) (29,32) 
F2: 65 (35,44) (37,38) (29,32) 
total exact drSPR=3
\n\n////////////////////////////////////////////////////////
cluster_d.txt
////////////////////////////////////////////////////////\n\n
T1: ((((((((((((((((0,1),2),((3,(4,(5,6))),7)),(((8,9),(((10,(11,(12,13))),((((((14,15),16),((17,18),19)),20),(21,22)),(23,24))),(25,(26,27)))),28)),29),30),31),((32,(33,34)),((((35,(36,(37,38))),((39,(40,41)),42)),43),44))),((((((45,46),(((((47,48),49),50),(51,52)),53)),((((54,55),56),57),58)),(((59,60),61),((62,63),64))),65),((66,67),(68,69)))),70),((71,72),73)),(74,((((((75,(76,77)),78),79),80),(((81,(82,(83,84))),((85,86),87)),88)),((((((((((89,90),91),(92,93)),94),95),(96,97)),(((98,99),((100,101),102)),103)),104),((((((105,(106,107)),(108,109)),110),111),112),(113,(114,115)))),116)))),((((((117,118),(119,120)),121),((122,((123,124),125)),(126,127))),(((128,129),130),131)),132)),((((133,(134,135)),(136,(137,(138,139)))),(140,((((((141,(((142,143),144),145)),146),147),(((148,149),150),151)),152),153))),((154,155),156))),((157,(((((158,159),160),((161,(162,(163,(164,165)))),166)),167),168)),(169,170))),(((171,172),(((173,((((174,175),(176,(177,178))),(179,((180,181),((182,(183,(((184,185),(186,187)),188))),((189,190),(191,192)))))),(193,194))),(195,(196,197))),(((((198,199),200),201),202),203))),((((204,205),206),((207,(208,209)),(((210,((211,((212,(213,214)),215)),(216,((217,((218,(219,220)),221)),222)))),223),(((224,225),226),((227,228),(229,(230,231))))))),((232,233),(234,(235,((((236,237),238),((239,240),241)),(242,243))))))))
T2: (54,((25,44),58,(46,43)))

T1: ((((((((((((((((0,1),2),((3,(4,(5,6))),7)),(((8,9),(((10,(11,(12,13))),((((((14,15),16),((17,18),19)),20),(21,22)),(23,24))),(25,(26,27)))),28)),29),30),31),((32,(33,34)),((((35,(36,(37,38))),((39,(40,41)),42)),43),44))),((((((45,46),(((((47,48),49),50),(51,52)),53)),((((54,55),56),57),58)),(((59,60),61),((62,63),64))),65),((66,67),(68,69)))),70),((71,72),73)),(74,((((((75,(76,77)),78),79),80),(((81,(82,(83,84))),((85,86),87)),88)),((((((((((89,90),91),(92,93)),94),95),(96,97)),(((98,99),((100,101),102)),103)),104),((((((105,(106,107)),(108,109)),110),111),112),(113,(114,115)))),116)))),((((((117,118),(119,120)),121),((122,((123,124),125)),(126,127))),(((128,129),130),131)),132)),((((133,(134,135)),(136,(137,(138,139)))),(140,((((((141,(((142,143),144),145)),146),147),(((148,149),150),151)),152),153))),((154,155),156))),((157,(((((158,159),160),((161,(162,(163,(164,165)))),166)),167),168)),(169,170))),(((171,172),(((173,((((174,175),(176,(177,178))),(179,((180,181),((182,(183,(((184,185),(186,187)),188))),((189,190),(191,192)))))),(193,194))),(195,(196,197))),(((((198,199),200),201),202),203))),((((204,205),206),((207,(208,209)),(((210,((211,((212,(213,214)),215)),(216,((217,((218,(219,220)),221)),222)))),223),(((224,225),226),((227,228),(229,(230,231))))))),((232,233),(234,(235,((((236,237),238),((239,240),241)),(242,243)))))))) 
T2: (54,((25,44),58,(46,43))) 
approx F1: 43 58 p 54 44 25 46 
approx F2: 54 58 46 p 44 25 43 
approx drSPR=6

C1_1: ((25,(43,44)),(46,(54,58))) 
C1_2: (54,((25,44),58,(46,43))) 
cluster approx drSPR=6

2 
F1_1: ((25,44),(46,58)) 54 43 
F1_2: ((25,44),(46,58)) 54 43 
cluster exact drSPR=2

F1: ((25,44),(46,58)) 54 43 
F2: ((25,44),(46,58)) 54 43 
total exact drSPR=2
\n\n////////////////////////////////////////////////////////
cluster_e.txt
////////////////////////////////////////////////////////\n\n
T1: ((((((((((((((((0,1),2),((3,(4,(5,6))),7)),(((8,9),(((10,(11,(12,13))),((((((14,15),16),((17,18),19)),20),(21,22)),(23,24))),(25,(26,27)))),28)),29),30),31),((32,(33,34)),((((35,(36,(37,38))),((39,(40,41)),42)),43),44))),((((((45,46),(((((47,48),49),50),(51,52)),53)),((((54,55),56),57),58)),(((59,60),61),((62,63),64))),65),((66,67),(68,69)))),70),((71,72),73)),(74,((((((75,(76,77)),78),79),80),(((81,(82,(83,84))),((85,86),87)),88)),((((((((((89,90),91),(92,93)),94),95),(96,97)),(((98,99),((100,101),102)),103)),104),((((((105,(106,107)),(108,109)),110),111),112),(113,(114,115)))),116)))),((((((117,118),(119,120)),121),((122,((123,124),125)),(126,127))),(((128,129),130),131)),132)),((((133,(134,135)),(136,(137,(138,139)))),(140,((((((141,(((142,143),144),145)),146),147),(((148,149),150),151)),152),153))),((154,155),156))),((157,(((((158,159),160),((161,(162,(163,(164,165)))),166)),167),168)),(169,170))),(((171,172),(((173,((((174,175),(176,(177,178))),(179,((180,181),((182,(183,(((184,185),(186,187)),188))),((189,190),(191,192)))))),(193,194))),(195,(196,197))),(((((198,199),200),201),202),203))),((((204,205),206),((207,(208,209)),(((210,((211,((212,(213,214)),215)),(216,((217,((218,(219,220)),221)),222)))),223),(((224,225),226),((227,228),(229,(230,231))))))),((232,233),(234,(235,((((236,237),238),((239,240),241)),(242,243))))))))
T2: ((26,27,(9,12)),(54,((57,31),55,58)))

T1: ((((((((((((((((0,1),2),((3,(4,(5,6))),7)),(((8,9),(((10,(11,(12,13))),((((((14,15),16),((17,18),19)),20),(21,22)),(23,24))),(25,(26,27)))),28)),29),30),31),((32,(33,34)),((((35,(36,(37,38))),((39,(40,41)),42)),43),44))),((((((45,46),(((((47,48),49),50),(51,52)),53)),((((54,55),56),57),58)),(((59,60),61),((62,63),64))),65),((66,67),(68,69)))),70),((71,72),73)),(74,((((((75,(76,77)),78),79),80),(((81,(82,(83,84))),((85,86),87)),88)),((((((((((89,90),91),(92,93)),94),95),(96,97)),(((98,99),((100,101),102)),103)),104),((((((105,(106,107)),(108,109)),110),111),112),(113,(114,115)))),116)))),((((((117,118),(119,120)),121),((122,((123,124),125)),(126,127))),(((128,129),130),131)),132)),((((133,(134,135)),(136,(137,(138,139)))),(140,((((((141,(((142,143),144),145)),146),147),(((148,149),150),151)),152),153))),((154,155),156))),((157,(((((158,159),160),((161,(162,(163,(164,165)))),166)),167),168)),(169,170))),(((171,172),(((173,((((174,175),(176,(177,178))),(179,((180,181),((182,(183,(((184,185),(186,187)),188))),((189,190),(191,192)))))),(193,194))),(195,(196,197))),(((((198,199),200),201),202),203))),((((204,205),206),((207,(208,209)),(((210,((211,((212,(213,214)),215)),(216,((217,((218,(219,220)),221)),222)))),223),(((224,225),226),((227,228),(229,(230,231))))))),((232,233),(234,(235,((((236,237),238),((239,240),241)),(242,243)))))))) 
T2: ((26,27,(9,12)),(54,((57,31),55,58))) 
approx F1: 31 55 54 12 p (26,27) 9 57 58 
approx F2: (26,27) 55 58 54 12 9 p 57 31 
approx drSPR=8

C1_1: (((9,(12,(26,27))),31),(((54,55),57),58)) 
C1_2: (((9,12),(26,27)),(54,((57,31),55,58))) 
cluster approx drSPR=8

2 3 
F1_1: ((9,(26,27)),((55,57),58)) 54 12 31 
F1_2: ((9,(26,27)),((55,57),58)) 54 12 31 
cluster exact drSPR=3

F1: ((9,(26,27)),((55,57),58)) 54 12 31 
F2: ((9,(26,27)),((55,57),58)) 54 12 31 
total exact drSPR=3
\n\n////////////////////////////////////////////////////////
cluster_10.txt
////////////////////////////////////////////////////////\n\n
T1: (217,((218,(219,220)),221))
T2: (219,(218,217,221,220))

T1: (0,((1,(2,3)),4)) 
T2: (2,(1,0,4,3)) 
approx F1: (0,(1,4)) 3 p 2 
approx F2: 2 3 (0,(1,4)) p 
approx drSPR=3

C1_1: (0,((1,(2,3)),4)) 
C1_2: (2,(1,0,4,3)) 
cluster approx drSPR=3

1 
F1_1: (0,((1,3),4)) 2 
F1_2: (0,((1,3),4)) 2 
cluster exact drSPR=1

F1: (217,((218,220),221)) 219 
F2: (217,((218,220),221)) 219 
total exact drSPR=1
\n\n////////////////////////////////////////////////////////
cluster_11.txt
////////////////////////////////////////////////////////\n\n
T1: ((((((((8,(14,(26,27))),28),29),30),35),(88,(94,113))),((120,(126,127)),132)),152)
T2: (152,(127,(((30,(35,29)),((((28,14),8),27),26)),((113,126),132,120),94),88))

T1: ((((((((0,(1,(2,3))),4),5),6),7),(8,(9,10))),((11,(12,13)),14)),15) 
T2: (15,(13,(((6,(7,5)),((((4,1),0),3),2)),((10,12),14,11),9),8)) 
approx F1: 15 12 10 13 3 2 9 8 1 0 4 5 7 (11,14) 6 
approx F2: 15 12 10 13 3 0 2 9 (11,14) 8 1 4 5 7 6 
approx drSPR=14

C1_1: ((((((((0,(1,(2,3))),4),5),6),7),(8,(9,10))),((11,(12,13)),14)),15) 
C1_2: (15,(13,(((6,(7,5)),((((4,1),0),3),2)),((10,12),14,11),9),8)) 
cluster approx drSPR=14

4 5 6 7 
F1_1: ((((6,7),9),((11,12),14)),15) 13 10 8 (2,3) 4 (0,1) 5 
F1_2: ((((6,7),9),((11,12),14)),15) 13 10 (0,1) 8 (2,3) 4 5 
cluster exact drSPR=7

F1: ((((30,35),94),((120,126),132)),152) 127 113 88 (26,27) 28 (8,14) 29 
F2: ((((30,35),94),((120,126),132)),152) 127 113 (8,14) 88 (26,27) 28 29 
total exact drSPR=7
\n\n////////////////////////////////////////////////////////
cluster_12.txt
////////////////////////////////////////////////////////\n\n
T1: (0,1,2,3,(4,(5,(6,7,8,9))))
T2: (1,2,((5,(6,8,3),9,0,4),7))

T1: (0,1,2,3,(4,(5,(6,7,8,9)))) 
T2: (1,2,((5,(6,8,3),9,0,4),7)) 
approx F1: (1,2) 9 (6,8) 3 7 (0,(4,5)) 
approx F2: (1,2) 9 (0,(4,5)) (6,8) 3 7 
approx drSPR=5

C1_1: (0,1,2,3,(4,(5,(7,9,(6,8))))) 
C1_2: (1,2,((5,(3,(6,8)),9,0,4),7)) 
cluster approx drSPR=5

1 2 
F1_1: ((0,3,(4,(5,9))),(1,2)) (6,8) 7 
F1_2: ((0,3,(4,(5,9))),(1,2)) (6,8) 7 
cluster exact drSPR=2

F1: ((0,3,(4,(5,9))),(1,2)) (6,8) 7 
F2: ((0,3,(4,(5,9))),(1,2)) (6,8) 7 
total exact drSPR=2
Finished
